
ANS: 8.000000

ANS: 56.000000

ANS: 10.000000

ANS: 10.000000
